Dtheta = 0.5967369462257217
Dphi = 0.6002012340408021
thetap1 = 1.5707963267948966
thetap2 = 1.652278503412844
phip1 = 1.653452499573969
phip2 = 1.5707963267948966
re_ratioI = 0.0007919689065977706
im_ratioI = 1.0064331620772808
f = 1575420000.0