Dtheta = 0.6016867265148672
Dphi = 0.5969875225542678
thetap = 1.6645406829820402
phip = 1.6449946444315078
p = 0.5891601562500001
f = 1575420000.0
dtc = 0.0
dpc = 0.0