Dthetaa = 0.5797644147351748
Dphia = 0.5833113395207714
thetap = 95.2012
phip = 90
alphac = 0.07018768794137423
At = 1.2762900438438856e-05
f = 1575420000.0