L = 0
M = 1
Dtheta = 0.7903314937938439
Dphi = 0.6079473029183414
thetap = 1.5707963267948966
phip = 1.6796493974775084
f = 1575420000.0