L = 1
M = 0
Dtheta = 0.5977530070045334
Dphi = 0.7770789091058934
thetap = 1.676943219161637
phip = 1.5707963267948966
f = 1575420000.0